
Date and Time, Participant Number, Condition, Trial# , Level, CorrectFallSide , ChoosedFallSide , IsCorrect? , Score, TimetoChoose, #RedWeights, #YellowWeights , RedPos1, RedPos2, YellPos1, YellPos2
26/6/2015,12,1,1,1,2,3,0,0,735774.11:27:37.5109192,0,0,-1,0,0,0,1,0,0,0
26/6/2015,12,1,1,1,2,3,0,0,735774.11:27:40.4878915,0,0,-1,0,0,0,1,0,0,0
26/6/2015,12,1,1,1,2,3,0,0,735774.11:27:40.5049032,0,0,-1,0,0,0,1,0,0,0
26/6/2015,12,1,1,1,2,3,0,0,735774.11:27:40.5229143,0,0,-1,0,0,0,1,0,0,0
26/6/2015,12,1,1,1,2,3,0,0,735774.11:27:40.5409266,0,0,-1,0,0,0,1,0,0,0
26/6/2015,12,1,1,1,2,3,0,0,735774.11:27:40.5579379,0,0,-1,0,0,0,1,0,0,0
26/6/2015,12,1,1,1,2,3,0,0,735774.11:27:40.5759503,0,0,-1,0,0,0,1,0,0,0
26/6/2015,12,1,1,1,2,3,0,0,735774.11:27:40.5939613,0,0,-1,0,0,0,1,0,0,0
26/6/2015,12,1,1,1,2,3,0,0,735774.11:27:40.6109730,0,0,-1,0,0,0,1,0,0,0
26/6/2015,12,1,1,1,2,3,0,0,735774.11:27:40.6269832,0,0,-1,0,0,0,1,0,0,0
26/6/2015,12,1,1,1,2,3,0,0,735774.11:27:40.6449956,0,0,-1,0,0,0,1,0,0,0
26/6/2015,12,1,1,1,2,3,0,0,735774.11:27:40.6620081,0,0,-1,0,0,0,1,0,0,0
26/6/2015,12,1,1,1,2,3,0,0,735774.11:27:40.6800188,0,0,-1,0,0,0,1,0,0,0
26/6/2015,12,1,1,1,2,3,0,0,735774.11:27:40.7080373,0,0,-1,0,0,0,1,0,0,0
26/6/2015,12,1,1,1,2,3,0,0,735774.11:27:40.7250486,0,0,-1,0,0,0,1,0,0,0
26/6/2015,12,1,1,1,2,3,0,0,735774.11:27:40.7420616,0,0,-1,0,0,0,1,0,0,0
26/6/2015,12,1,1,1,2,3,0,0,735774.11:27:40.7590707,0,0,-1,0,0,0,1,0,0,0
26/6/2015,12,1,1,1,2,3,0,0,735774.11:27:40.7760824,0,0,-1,0,0,0,1,0,0,0
26/6/2015,12,1,1,1,2,3,0,0,735774.11:27:40.7920930,0,0,-1,0,0,0,1,0,0,0
26/6/2015,12,1,1,1,2,3,0,0,735774.11:27:40.8101054,0,0,-1,0,0,0,1,0,0,0
26/6/2015,12,1,1,1,2,3,0,0,735774.11:27:40.8261151,0,0,-1,0,0,0,1,0,0,0
26/6/2015,12,1,1,1,2,3,0,0,735774.11:27:40.8441279,0,0,-1,0,0,0,1,0,0,0
26/6/2015,12,1,1,1,2,3,0,0,735774.11:27:40.8611383,0,0,-1,0,0,0,1,0,0,0
26/6/2015,12,1,1,1,2,3,0,0,735774.11:27:40.8771485,0,0,-1,0,0,0,1,0,0,0
26/6/2015,12,1,1,1,2,3,0,0,735774.11:27:40.8961624,0,0,-1,0,0,0,1,0,0,0
26/6/2015,12,1,1,1,2,3,0,0,735774.11:27:40.9201774,0,0,-1,0,0,0,1,0,0,0
26/6/2015,12,1,1,1,2,3,0,0,735774.11:27:40.9361906,0,0,-1,0,0,0,1,0,0,0
26/6/2015,12,1,1,1,2,3,0,0,735774.11:27:40.9532002,0,0,-1,0,0,0,1,0,0,0
26/6/2015,12,1,1,1,2,3,0,0,735774.11:27:40.9702110,0,0,-1,0,0,0,1,0,0,0
26/6/2015,12,1,1,1,2,3,0,0,735774.11:27:40.9882234,0,0,-1,0,0,0,1,0,0,0
26/6/2015,12,1,1,1,2,3,0,0,735774.11:27:41.0062353,0,0,-1,0,0,0,1,0,0,0
26/6/2015,12,1,1,1,2,3,0,0,735774.11:27:41.0242468,0,0,-1,0,0,0,1,0,0,0
26/6/2015,12,1,1,1,2,3,0,0,735774.11:27:41.0412576,0,0,-1,0,0,0,1,0,0,0
26/6/2015,12,1,1,1,2,3,0,0,735774.11:27:41.0592700,0,0,-1,0,0,0,1,0,0,0
26/6/2015,12,1,1,1,2,3,0,0,735774.11:27:41.0762804,0,0,-1,0,0,0,1,0,0,0
26/6/2015,12,1,1,1,2,3,0,0,735774.11:27:41.0932930,0,0,-1,0,0,0,1,0,0,0
26/6/2015,12,1,1,1,2,3,0,0,735774.11:27:41.1113036,0,0,-1,0,0,0,1,0,0,0
26/6/2015,12,1,1,1,2,3,0,0,735774.11:27:41.1373217,0,0,-1,0,0,0,1,0,0,0
26/6/2015,12,1,1,1,2,3,0,0,735774.11:27:41.1543338,0,0,-1,0,0,0,1,0,0,0
26/6/2015,12,1,1,1,2,3,0,0,735774.11:27:41.1713442,0,0,-1,0,0,0,1,0,0,0
26/6/2015,12,1,1,1,2,3,0,0,735774.11:27:41.1893562,0,0,-1,0,0,0,1,0,0,0
26/6/2015,12,1,1,1,2,3,0,0,735774.11:27:41.2073681,0,0,-1,0,0,0,1,0,0,0
26/6/2015,12,1,1,1,2,3,0,0,735774.11:27:41.2243789,0,0,-1,0,0,0,1,0,0,0
26/6/2015,12,1,1,1,2,3,0,0,735774.11:27:41.2413915,0,0,-1,0,0,0,1,0,0,0
26/6/2015,12,1,1,1,2,3,0,0,735774.11:27:41.2574012,0,0,-1,0,0,0,1,0,0,0
26/6/2015,12,1,1,1,2,3,0,0,735774.11:27:41.2744134,0,0,-1,0,0,0,1,0,0,0
26/6/2015,12,1,1,1,2,3,0,0,735774.11:27:41.2934251,0,0,-1,0,0,0,1,0,0,0
26/6/2015,12,1,1,1,2,3,0,0,735774.11:27:41.3094357,0,0,-1,0,0,0,1,0,0,0
26/6/2015,12,1,1,1,2,3,0,0,735774.11:27:41.3264470,0,0,-1,0,0,0,1,0,0,0
26/6/2015,12,1,1,1,2,3,0,0,735774.11:27:41.3514635,0,0,-1,0,0,0,1,0,0,0
26/6/2015,12,1,1,1,2,3,0,0,735774.11:27:41.3684744,0,0,-1,0,0,0,1,0,0,0
26/6/2015,12,1,1,1,2,3,0,0,735774.11:27:41.3854856,0,0,-1,0,0,0,1,0,0,0
26/6/2015,12,1,1,1,2,3,0,0,735774.11:27:41.4034984,0,0,-1,0,0,0,1,0,0,0
26/6/2015,12,1,1,1,2,3,0,0,735774.11:27:41.4195090,0,0,-1,0,0,0,1,0,0,0
26/6/2015,12,1,1,1,2,3,0,0,735774.11:27:41.4365194,0,0,-1,0,0,0,1,0,0,0
26/6/2015,12,1,1,1,2,3,0,0,735774.11:27:41.4535311,0,0,-1,0,0,0,1,0,0,0
26/6/2015,12,1,1,1,2,3,0,0,735774.11:27:41.4705424,0,0,-1,0,0,0,1,0,0,0
26/6/2015,12,1,1,1,2,3,0,0,735774.11:27:41.4895550,0,0,-1,0,0,0,1,0,0,0
26/6/2015,12,1,1,1,2,3,0,0,735774.11:27:41.5065667,0,0,-1,0,0,0,1,0,0,0
26/6/2015,12,1,1,1,2,3,0,0,735774.11:27:41.5245803,0,0,-1,0,0,0,1,0,0,0
26/6/2015,12,1,1,1,2,3,0,0,735774.11:27:41.5415895,0,0,-1,0,0,0,1,0,0,0
26/6/2015,12,1,1,1,2,3,0,0,735774.11:27:41.5666060,0,0,-1,0,0,0,1,0,0,0
26/6/2015,12,1,1,1,2,3,0,0,735774.11:27:41.5846197,0,0,-1,0,0,0,1,0,0,0
26/6/2015,12,1,1,1,2,3,0,0,735774.11:27:41.6016288,0,0,-1,0,0,0,1,0,0,0
26/6/2015,12,1,1,1,2,3,0,0,735774.11:27:41.6176398,0,0,-1,0,0,0,1,0,0,0
26/6/2015,12,1,1,1,2,3,0,0,735774.11:27:41.6346507,0,0,-1,0,0,0,1,0,0,0
26/6/2015,12,1,1,1,2,3,0,0,735774.11:27:41.6666728,0,0,-1,0,0,0,1,0,0,0
26/6/2015,12,1,1,1,2,3,0,0,735774.11:27:41.6836836,0,0,-1,0,0,0,1,0,0,0
26/6/2015,12,1,1,1,2,3,0,0,735774.11:27:41.7016960,0,0,-1,0,0,0,1,0,0,0
26/6/2015,12,1,1,1,2,3,0,0,735774.11:27:41.7187068,0,0,-1,0,0,0,1,0,0,0
26/6/2015,12,1,1,1,2,3,0,0,735774.11:27:41.7367192,0,0,-1,0,0,0,1,0,0,0
26/6/2015,12,1,1,1,2,3,0,0,735774.11:27:41.7537300,0,0,-1,0,0,0,1,0,0,0
26/6/2015,12,1,1,1,2,3,0,0,735774.11:27:41.7777459,0,0,-1,0,0,0,1,0,0,0
26/6/2015,12,1,1,1,2,3,0,0,735774.11:27:41.7947567,0,0,-1,0,0,0,1,0,0,0
26/6/2015,12,1,1,1,2,3,0,0,735774.11:27:41.8117684,0,0,-1,0,0,0,1,0,0,0
26/6/2015,12,1,1,1,2,3,0,0,735774.11:27:41.8287797,0,0,-1,0,0,0,1,0,0,0
26/6/2015,12,1,1,1,2,3,0,0,735774.11:27:41.8457910,0,0,-1,0,0,0,1,0,0,0
26/6/2015,12,1,1,1,2,3,0,0,735774.11:27:41.8628022,0,0,-1,0,0,0,1,0,0,0
26/6/2015,12,1,1,1,2,3,0,0,735774.11:27:41.8818161,0,0,-1,0,0,0,1,0,0,0
26/6/2015,12,1,1,1,2,3,0,0,735774.11:27:41.8988257,0,0,-1,0,0,0,1,0,0,0
26/6/2015,12,1,1,1,2,3,0,0,735774.11:27:41.9158374,0,0,-1,0,0,0,1,0,0,0
26/6/2015,12,1,1,1,2,3,0,0,735774.11:27:41.9338497,0,0,-1,0,0,0,1,0,0,0
26/6/2015,12,1,1,1,2,3,0,0,735774.11:27:41.9508614,0,0,-1,0,0,0,1,0,0,0
26/6/2015,12,1,1,1,2,3,0,0,735774.11:27:41.9688729,0,0,-1,0,0,0,1,0,0,0
26/6/2015,12,1,1,1,2,3,0,0,735774.11:27:41.9948902,0,0,-1,0,0,0,1,0,0,0
26/6/2015,12,1,1,1,2,3,0,0,735774.11:27:42.0119010,0,0,-1,0,0,0,1,0,0,0
26/6/2015,12,1,1,1,2,3,0,0,735774.11:27:42.0319138,0,0,-1,0,0,0,1,0,0,0
26/6/2015,12,1,1,1,2,3,0,0,735774.11:27:42.0489255,0,0,-1,0,0,0,1,0,0,0
26/6/2015,12,1,1,1,2,3,0,0,735774.11:27:42.0659372,0,0,-1,0,0,0,1,0,0,0
26/6/2015,12,1,1,1,2,3,0,0,735774.11:27:42.0839492,0,0,-1,0,0,0,1,0,0,0
26/6/2015,12,1,1,1,2,3,0,0,735774.11:27:42.1029626,0,0,-1,0,0,0,1,0,0,0
26/6/2015,12,1,1,1,2,3,0,0,735774.11:27:42.1199752,0,0,-1,0,0,0,1,0,0,0
26/6/2015,12,1,1,1,2,3,0,0,735774.11:27:42.1369839,0,0,-1,0,0,0,1,0,0,0
26/6/2015,12,1,1,1,2,3,0,0,735774.11:27:42.1539947,0,0,-1,0,0,0,1,0,0,0
26/6/2015,12,1,1,1,2,3,0,0,735774.11:27:42.1700057,0,0,-1,0,0,0,1,0,0,0
26/6/2015,12,1,1,1,2,3,0,0,735774.11:27:42.1960230,0,0,-1,0,0,0,1,0,0,0
26/6/2015,12,1,1,1,2,3,0,0,735774.11:27:42.2130342,0,0,-1,0,0,0,1,0,0,0
26/6/2015,12,1,1,1,2,3,0,0,735774.11:27:42.2310466,0,0,-1,0,0,0,1,0,0,0
26/6/2015,12,1,1,1,2,3,0,0,735774.11:27:42.2480583,0,0,-1,0,0,0,1,0,0,0
26/6/2015,12,1,1,1,2,3,0,0,735774.11:27:42.2660698,0,0,-1,0,0,0,1,0,0,0
26/6/2015,12,1,1,1,2,3,0,0,735774.11:27:42.2830815,0,0,-1,0,0,0,1,0,0,0
26/6/2015,12,1,1,1,2,3,0,0,735774.11:27:42.3010930,0,0,-1,0,0,0,1,0,0,0
26/6/2015,12,1,1,1,2,3,0,0,735774.11:27:42.3181051,0,0,-1,0,0,0,1,0,0,0
26/6/2015,12,1,1,1,2,3,0,0,735774.11:27:42.3351151,0,0,-1,0,0,0,1,0,0,0
26/6/2015,12,1,1,1,2,3,0,0,735774.11:27:42.3531275,0,0,-1,0,0,0,1,0,0,0
26/6/2015,12,1,1,1,2,3,0,0,735774.11:27:42.3711390,0,0,-1,0,0,0,1,0,0,0
26/6/2015,12,1,1,1,2,3,0,0,735774.11:27:42.3951544,0,0,-1,0,0,0,1,0,0,0
26/6/2015,12,1,1,1,2,3,0,0,735774.11:27:42.4111650,0,0,-1,0,0,0,1,0,0,0
26/6/2015,12,1,1,1,2,3,0,0,735774.11:27:42.4281767,0,0,-1,0,0,0,1,0,0,0
26/6/2015,12,1,1,1,2,3,0,0,735774.11:27:42.4451880,0,0,-1,0,0,0,1,0,0,0
26/6/2015,12,1,1,1,2,3,0,0,735774.11:27:42.4621993,0,0,-1,0,0,0,1,0,0,0
26/6/2015,12,1,1,1,2,3,0,0,735774.11:27:42.4792114,0,0,-1,0,0,0,1,0,0,0
26/6/2015,12,1,1,1,2,3,0,0,735774.11:27:42.4962218,0,0,-1,0,0,0,1,0,0,0
26/6/2015,12,1,1,1,2,3,0,0,735774.11:27:42.5142337,0,0,-1,0,0,0,1,0,0,0
26/6/2015,12,1,1,1,2,3,0,0,735774.11:27:42.5302439,0,0,-1,0,0,0,1,0,0,0
26/6/2015,12,1,1,1,2,3,0,0,735774.11:27:42.5482563,0,0,-1,0,0,0,1,0,0,0
26/6/2015,12,1,1,1,2,3,0,0,735774.11:27:42.5662678,0,0,-1,0,0,0,1,0,0,0
26/6/2015,12,1,1,1,2,3,0,0,735774.11:27:42.5832799,0,0,-1,0,0,0,1,0,0,0
26/6/2015,12,1,1,1,2,3,0,0,735774.11:27:42.6072954,0,0,-1,0,0,0,1,0,0,0
26/6/2015,12,1,1,1,2,3,0,0,735774.11:27:42.6233064,0,0,-1,0,0,0,1,0,0,0
26/6/2015,12,1,1,1,2,3,0,0,735774.11:27:42.6403168,0,0,-1,0,0,0,1,0,0,0
26/6/2015,12,1,1,1,2,3,0,0,735774.11:27:42.6563274,0,0,-1,0,0,0,1,0,0,0
26/6/2015,12,1,1,1,2,3,0,0,735774.11:27:42.6743402,0,0,-1,0,0,0,1,0,0,0
26/6/2015,12,1,1,1,2,3,0,0,735774.11:27:42.6913506,0,0,-1,0,0,0,1,0,0,0
26/6/2015,12,1,1,1,2,3,0,0,735774.11:27:42.7073617,0,0,-1,0,0,0,1,0,0,0
26/6/2015,12,1,1,1,2,3,0,0,735774.11:27:42.7243725,0,0,-1,0,0,0,1,0,0,0
26/6/2015,12,1,1,1,2,3,0,0,735774.11:27:42.7413851,0,0,-1,0,0,0,1,0,0,0
26/6/2015,12,1,1,1,2,3,0,0,735774.11:27:42.7583955,0,0,-1,0,0,0,1,0,0,0
26/6/2015,12,1,1,1,2,3,0,0,735774.11:27:42.7754063,0,0,-1,0,0,0,1,0,0,0
26/6/2015,12,1,1,1,2,3,0,0,735774.11:27:42.7924172,0,0,-1,0,0,0,1,0,0,0
26/6/2015,12,1,1,1,2,3,0,0,735774.11:27:42.8164339,0,0,-1,0,0,0,1,0,0,0
26/6/2015,12,1,1,1,2,3,0,0,735774.11:27:42.8334456,0,0,-1,0,0,0,1,0,0,0
26/6/2015,12,1,1,1,2,3,0,0,735774.11:27:42.8504565,0,0,-1,0,0,0,1,0,0,0
26/6/2015,12,1,1,1,2,3,0,0,735774.11:27:42.8674682,0,0,-1,0,0,0,1,0,0,0
26/6/2015,12,1,1,1,2,3,0,0,735774.11:27:42.8844790,0,0,-1,0,0,0,1,0,0,0
26/6/2015,12,1,1,1,2,3,0,0,735774.11:27:42.9014903,0,0,-1,0,0,0,1,0,0,0
26/6/2015,12,1,1,1,2,3,0,0,735774.11:27:42.9175009,0,0,-1,0,0,0,1,0,0,0
26/6/2015,12,1,1,1,2,3,0,0,735774.11:27:42.9345121,0,0,-1,0,0,0,1,0,0,0
26/6/2015,12,1,1,1,2,3,0,0,735774.11:27:42.9515238,0,0,-1,0,0,0,1,0,0,0
26/6/2015,12,1,1,1,2,3,0,0,735774.11:27:42.9685347,0,0,-1,0,0,0,1,0,0,0
26/6/2015,12,1,1,1,2,3,0,0,735774.11:27:42.9865466,0,0,-1,0,0,0,1,0,0,0
26/6/2015,12,1,1,1,2,3,0,0,735774.11:27:43.0035579,0,0,-1,0,0,0,1,0,0,0
26/6/2015,12,1,1,1,2,3,0,0,735774.11:27:43.0305753,0,0,-1,0,0,0,1,0,0,0
26/6/2015,12,1,1,1,2,3,0,0,735774.11:27:43.0475870,0,0,-1,0,0,0,1,0,0,0
26/6/2015,12,1,1,1,2,3,0,0,735774.11:27:43.0655998,0,0,-1,0,0,0,1,0,0,0
26/6/2015,12,1,1,1,2,3,0,0,735774.11:27:43.0826102,0,0,-1,0,0,0,1,0,0,0
26/6/2015,12,1,1,1,2,3,0,0,735774.11:27:43.0996211,0,0,-1,0,0,0,1,0,0,0
26/6/2015,12,1,1,1,2,3,0,0,735774.11:27:43.1176334,0,0,-1,0,0,0,1,0,0,0
26/6/2015,12,1,1,1,2,3,0,0,735774.11:27:43.1356454,0,0,-1,0,0,0,1,0,0,0
26/6/2015,12,1,1,1,2,3,0,0,735774.11:27:43.1526566,0,0,-1,0,0,0,1,0,0,0
26/6/2015,12,1,1,1,2,3,0,0,735774.11:27:43.1696683,0,0,-1,0,0,0,1,0,0,0
26/6/2015,12,1,1,1,2,3,0,0,735774.11:27:43.1866792,0,0,-1,0,0,0,1,0,0,0
26/6/2015,12,1,1,1,2,3,0,0,735774.11:27:43.2156988,0,0,-1,0,0,0,1,0,0,0
26/6/2015,12,1,1,1,2,3,0,0,735774.11:27:43.2417156,0,0,-1,0,0,0,1,0,0,0
26/6/2015,12,1,1,1,2,3,0,0,735774.11:27:43.2607282,0,0,-1,0,0,0,1,0,0,0
26/6/2015,12,1,1,1,2,3,0,0,735774.11:27:43.2777408,0,0,-1,0,0,0,1,0,0,0
26/6/2015,12,1,1,1,2,3,0,0,735774.11:27:43.2957518,0,0,-1,0,0,0,1,0,0,0
26/6/2015,12,1,1,1,2,3,0,0,735774.11:27:43.3127623,0,0,-1,0,0,0,1,0,0,0
26/6/2015,12,1,1,1,2,3,0,0,735774.11:27:43.3307750,0,0,-1,0,0,0,1,0,0,0
26/6/2015,12,1,1,1,2,3,0,0,735774.11:27:43.3477859,0,0,-1,0,0,0,1,0,0,0
26/6/2015,12,1,1,1,2,3,0,0,735774.11:27:43.3667985,0,0,-1,0,0,0,1,0,0,0
26/6/2015,12,1,1,1,2,3,0,0,735774.11:27:43.3838093,0,0,-1,0,0,0,1,0,0,0
26/6/2015,12,1,1,1,2,3,0,0,735774.11:27:43.4048237,0,0,-1,0,0,0,1,0,0,0
26/6/2015,12,1,1,1,2,3,0,0,735774.11:27:43.4228382,0,0,-1,0,0,0,1,0,0,0
26/6/2015,12,1,1,1,2,3,0,0,735774.11:27:43.4478517,0,0,-1,0,0,0,1,0,0,0
26/6/2015,12,1,1,1,2,3,0,0,735774.11:27:43.4658641,0,0,-1,0,0,0,1,0,0,0
26/6/2015,12,1,1,1,2,3,0,0,735774.11:27:43.4848763,0,0,-1,0,0,0,1,0,0,0
26/6/2015,12,1,1,1,2,3,0,0,735774.11:27:43.5028891,0,0,-1,0,0,0,1,0,0,0
26/6/2015,12,1,1,1,2,3,0,0,735774.11:27:43.5209014,0,0,-1,0,0,0,1,0,0,0
26/6/2015,12,1,1,1,2,3,0,0,735774.11:27:43.5379157,0,0,-1,0,0,0,1,0,0,0
26/6/2015,12,1,1,1,2,3,0,0,735774.11:27:43.5549235,0,0,-1,0,0,0,1,0,0,0
26/6/2015,12,1,1,1,2,3,0,0,735774.11:27:43.5729346,0,0,-1,0,0,0,1,0,0,0
26/6/2015,12,1,1,1,2,3,0,0,735774.11:27:43.5909478,0,0,-1,0,0,0,1,0,0,0
26/6/2015,12,1,1,1,2,3,0,0,735774.11:27:43.6089589,0,0,-1,0,0,0,1,0,0,0
26/6/2015,12,1,1,1,2,3,0,0,735774.11:27:43.6259710,0,0,-1,0,0,0,1,0,0,0
26/6/2015,12,1,1,1,2,3,0,0,735774.11:27:43.6529876,0,0,-1,0,0,0,1,0,0,0
26/6/2015,12,1,1,1,2,3,0,0,735774.11:27:43.6699993,0,0,-1,0,0,0,1,0,0,0
26/6/2015,12,1,1,1,2,3,0,0,735774.11:27:43.6870102,0,0,-1,0,0,0,1,0,0,0
26/6/2015,12,1,1,1,2,3,0,0,735774.11:27:43.7040219,0,0,-1,0,0,0,1,0,0,0
26/6/2015,12,1,1,1,2,3,0,0,735774.11:27:43.7210335,0,0,-1,0,0,0,1,0,0,0
26/6/2015,12,1,1,1,2,3,0,0,735774.11:27:43.7380444,0,0,-1,0,0,0,1,0,0,0
26/6/2015,12,1,1,1,2,3,0,0,735774.11:27:43.7540546,0,0,-1,0,0,0,1,0,0,0
26/6/2015,12,1,1,1,2,3,0,0,735774.11:27:43.7710663,0,0,-1,0,0,0,1,0,0,0
26/6/2015,12,1,1,1,2,3,0,0,735774.11:27:43.7890790,0,0,-1,0,0,0,1,0,0,0
26/6/2015,12,1,1,1,2,3,0,0,735774.11:27:43.8060895,0,0,-1,0,0,0,1,0,0,0
26/6/2015,12,1,1,1,2,3,0,0,735774.11:27:43.8231007,0,0,-1,0,0,0,1,0,0,0
26/6/2015,12,1,1,1,2,3,0,0,735774.11:27:43.8411122,0,0,-1,0,0,0,1,0,0,0
26/6/2015,12,1,1,1,2,3,0,0,735774.11:27:43.8641279,0,0,-1,0,0,0,1,0,0,0
26/6/2015,12,1,1,1,2,3,0,0,735774.11:27:43.8821398,0,0,-1,0,0,0,1,0,0,0
26/6/2015,12,1,1,1,2,3,0,0,735774.11:27:43.9001518,0,0,-1,0,0,0,1,0,0,0
26/6/2015,12,1,1,1,2,3,0,0,735774.11:27:43.9171635,0,0,-1,0,0,0,1,0,0,0
26/6/2015,12,1,1,1,2,3,0,0,735774.11:27:43.9351754,0,0,-1,0,0,0,1,0,0,0
26/6/2015,12,1,1,1,2,3,0,0,735774.11:27:43.9531869,0,0,-1,0,0,0,1,0,0,0
26/6/2015,12,1,1,1,2,3,0,0,735774.11:27:43.9701986,0,0,-1,0,0,0,1,0,0,0
26/6/2015,12,1,1,1,2,3,0,0,735774.11:27:43.9882131,0,0,-1,0,0,0,1,0,0,0
26/6/2015,12,1,1,1,2,3,0,0,735774.11:27:44.0042207,0,0,-1,0,0,0,1,0,0,0
26/6/2015,12,1,1,1,2,3,0,0,735774.11:27:44.0222326,0,0,-1,0,0,0,1,0,0,0
26/6/2015,12,1,1,1,2,3,0,0,735774.11:27:44.0402441,0,0,-1,0,0,0,1,0,0,0
26/6/2015,12,1,1,1,2,3,0,0,735774.11:27:44.0572563,0,0,-1,0,0,0,1,0,0,0
26/6/2015,12,1,1,1,2,3,0,0,735774.11:27:44.0822724,0,0,-1,0,0,0,1,0,0,0
26/6/2015,12,1,1,1,2,3,0,0,735774.11:27:44.1002852,0,0,-1,0,0,0,1,0,0,0
26/6/2015,12,1,1,1,2,3,0,0,735774.11:27:44.1162954,0,0,-1,0,0,0,1,0,0,0
26/6/2015,12,1,1,1,2,3,0,0,735774.11:27:44.1333062,0,0,-1,0,0,0,1,0,0,0
26/6/2015,12,1,1,1,2,3,0,0,735774.11:27:44.1513177,0,0,-1,0,0,0,1,0,0,0
26/6/2015,12,1,1,1,2,3,0,0,735774.11:27:44.1693296,0,0,-1,0,0,0,1,0,0,0
26/6/2015,12,1,1,1,2,3,0,0,735774.11:27:44.1873416,0,0,-1,0,0,0,1,0,0,0
26/6/2015,12,1,1,1,2,3,0,0,735774.11:27:44.2043537,0,0,-1,0,0,0,1,0,0,0
26/6/2015,12,1,1,1,2,3,0,0,735774.11:27:44.2213641,0,0,-1,0,0,0,1,0,0,0
26/6/2015,12,1,1,1,2,3,0,0,735774.11:27:44.2383762,0,0,-1,0,0,0,1,0,0,0
26/6/2015,12,1,1,1,2,3,0,0,735774.11:27:44.2553888,0,0,-1,0,0,0,1,0,0,0
26/6/2015,12,1,1,1,2,3,0,0,735774.11:27:44.2733986,0,0,-1,0,0,0,1,0,0,0
26/6/2015,12,1,1,1,2,3,0,0,735774.11:27:44.2994162,0,0,-1,0,0,0,1,0,0,0
26/6/2015,12,1,1,1,2,3,0,0,735774.11:27:44.3174286,0,0,-1,0,0,0,1,0,0,0
26/6/2015,12,1,1,1,2,3,0,0,735774.11:27:44.3354397,0,0,-1,0,0,0,1,0,0,0
26/6/2015,12,1,1,1,2,3,0,0,735774.11:27:44.3534516,0,0,-1,0,0,0,1,0,0,0
26/6/2015,12,1,1,1,2,3,0,0,735774.11:27:44.3704629,0,0,-1,0,0,0,1,0,0,0
26/6/2015,12,1,1,1,2,3,0,0,735774.11:27:44.3884761,0,0,-1,0,0,0,1,0,0,0
26/6/2015,12,1,1,1,2,3,0,0,735774.11:27:44.4044854,0,0,-1,0,0,0,1,0,0,0
26/6/2015,12,1,1,1,2,3,0,0,735774.11:27:44.4224973,0,0,-1,0,0,0,1,0,0,0
26/6/2015,12,1,1,1,2,3,0,0,735774.11:27:44.4395090,0,0,-1,0,0,0,1,0,0,0
26/6/2015,12,1,1,1,2,3,0,0,735774.11:27:44.4565207,0,0,-1,0,0,0,1,0,0,0
26/6/2015,12,1,1,1,2,3,0,0,735774.11:27:44.4735311,0,0,-1,0,0,0,1,0,0,0
26/6/2015,12,1,1,1,2,3,0,0,735774.11:27:44.4905428,0,0,-1,0,0,0,1,0,0,0
26/6/2015,12,1,1,1,2,3,0,0,735774.11:27:44.5155594,0,0,-1,0,0,0,1,0,0,0
26/6/2015,12,1,1,1,2,3,0,0,735774.11:27:44.5315696,0,0,-1,0,0,0,1,0,0,0
26/6/2015,12,1,1,1,2,3,0,0,735774.11:27:44.5495828,0,0,-1,0,0,0,1,0,0,0
26/6/2015,12,1,1,1,2,3,0,0,735774.11:27:44.5665932,0,0,-1,0,0,0,1,0,0,0
26/6/2015,12,1,1,1,2,3,0,0,735774.11:27:44.5836058,0,0,-1,0,0,0,1,0,0,0
26/6/2015,12,1,1,1,2,3,0,0,735774.11:27:44.6016173,0,0,-1,0,0,0,1,0,0,0
26/6/2015,12,1,1,1,2,3,0,0,735774.11:27:44.6196283,0,0,-1,0,0,0,1,0,0,0
26/6/2015,12,1,1,1,2,3,0,0,735774.11:27:44.6376411,0,0,-1,0,0,0,1,0,0,0
26/6/2015,12,1,1,1,2,3,0,0,735774.11:27:44.6546515,0,0,-1,0,0,0,1,0,0,0
26/6/2015,12,1,1,1,2,3,0,0,735774.11:27:44.6726635,0,0,-1,0,0,0,1,0,0,0
26/6/2015,12,1,1,1,2,3,0,0,735774.11:27:44.6896747,0,0,-1,0,0,0,1,0,0,0
26/6/2015,12,1,1,1,2,3,0,0,735774.11:27:44.7066856,0,0,-1,0,0,0,1,0,0,0
26/6/2015,12,1,1,1,2,3,0,0,735774.11:27:44.7307015,0,0,-1,0,0,0,1,0,0,0
26/6/2015,12,1,1,1,2,3,0,0,735774.11:27:44.7477132,0,0,-1,0,0,0,1,0,0,0
26/6/2015,12,1,1,1,2,3,0,0,735774.11:27:44.7647240,0,0,-1,0,0,0,1,0,0,0
26/6/2015,12,1,1,1,2,3,0,0,735774.11:27:44.7957446,0,0,-1,0,0,0,1,0,0,0
26/6/2015,12,1,1,1,2,3,0,0,735774.11:27:44.8137574,0,0,-1,0,0,0,1,0,0,0
26/6/2015,12,1,1,1,2,3,0,0,735774.11:27:44.8307686,0,0,-1,0,0,0,1,0,0,0
26/6/2015,12,1,1,1,2,3,0,0,735774.11:27:44.8477799,0,0,-1,0,0,0,1,0,0,0
26/6/2015,12,1,1,1,2,3,0,0,735774.11:27:44.8647920,0,0,-1,0,0,0,1,0,0,0
26/6/2015,12,1,1,1,2,3,0,0,735774.11:27:44.8818037,0,0,-1,0,0,0,1,0,0,0
26/6/2015,12,1,1,1,2,3,0,0,735774.11:27:44.8998139,0,0,-1,0,0,0,1,0,0,0
26/6/2015,12,1,1,1,2,3,0,0,735774.11:27:44.9158245,0,0,-1,0,0,0,1,0,0,0
26/6/2015,12,1,1,1,2,3,0,0,735774.11:27:44.9418422,0,0,-1,0,0,0,1,0,0,0
26/6/2015,12,1,1,1,2,3,0,0,735774.11:27:44.9588543,0,0,-1,0,0,0,1,0,0,0
26/6/2015,12,1,1,1,2,3,0,0,735774.11:27:44.9758643,0,0,-1,0,0,0,1,0,0,0
26/6/2015,12,1,1,1,2,3,0,0,735774.11:27:44.9938767,0,0,-1,0,0,0,1,0,0,0
26/6/2015,12,1,1,1,2,3,0,0,735774.11:27:45.0168936,0,0,-1,0,0,0,1,0,0,0
26/6/2015,12,1,1,1,2,3,0,0,735774.11:27:45.0349051,0,0,-1,0,0,0,1,0,0,0
26/6/2015,12,1,1,1,2,3,0,0,735774.11:27:45.0539164,0,0,-1,0,0,0,1,0,0,0
26/6/2015,12,1,1,1,2,3,0,0,735774.11:27:45.0719314,0,0,-1,0,0,0,1,0,0,0
26/6/2015,12,1,1,1,2,3,0,0,735774.11:27:45.0899403,0,0,-1,0,0,0,1,0,0,0
26/6/2015,12,1,1,1,2,3,0,0,735774.11:27:45.1089529,0,0,-1,0,0,0,1,0,0,0
26/6/2015,12,1,1,1,2,3,0,0,735774.11:27:45.1259629,0,0,-1,0,0,0,1,0,0,0
26/6/2015,12,1,1,1,2,3,0,0,735774.11:27:45.1539832,0,0,-1,0,0,0,1,0,0,0
26/6/2015,12,1,1,1,2,3,0,0,735774.11:27:45.1729940,0,0,-1,0,0,0,1,0,0,0
26/6/2015,12,1,1,1,2,3,0,0,735774.11:27:45.1920071,0,0,-1,0,0,0,1,0,0,0
26/6/2015,12,1,1,1,2,3,0,0,735774.11:27:45.2100194,0,0,-1,0,0,0,1,0,0,0
26/6/2015,12,1,1,1,2,3,0,0,735774.11:27:45.2290350,0,0,-1,0,0,0,1,0,0,0
26/6/2015,12,1,1,1,2,3,0,0,735774.11:27:45.2470448,0,0,-1,0,0,0,1,0,0,0
26/6/2015,12,1,1,1,2,3,0,0,735774.11:27:45.2640552,0,0,-1,0,0,0,1,0,0,0
26/6/2015,12,1,1,1,2,3,0,0,735774.11:27:45.2820718,0,0,-1,0,0,0,1,0,0,0
26/6/2015,12,1,1,1,2,3,0,0,735774.11:27:45.3010810,0,0,-1,0,0,0,1,0,0,0
26/6/2015,12,1,1,1,2,3,0,0,735774.11:27:45.3200928,0,0,-1,0,0,0,1,0,0,0
26/6/2015,12,1,1,1,2,3,0,0,735774.11:27:45.3371070,0,0,-1,0,0,0,1,0,0,0
26/6/2015,12,1,1,1,2,3,0,0,735774.11:27:45.3651226,0,0,-1,0,0,0,1,0,0,0
26/6/2015,12,1,1,1,2,3,0,0,735774.11:27:45.3911394,0,0,-1,0,0,0,1,0,0,0
26/6/2015,12,1,1,1,2,3,0,0,735774.11:27:45.4121537,0,0,-1,0,0,0,1,0,0,0
26/6/2015,12,1,1,1,2,3,0,0,735774.11:27:45.4311672,0,0,-1,0,0,0,1,0,0,0
26/6/2015,12,1,1,1,2,3,0,0,735774.11:27:45.4511792,0,0,-1,0,0,0,1,0,0,0
26/6/2015,12,1,1,1,2,3,0,0,735774.11:27:45.4731937,0,0,-1,0,0,0,1,0,0,0
26/6/2015,12,1,1,1,2,3,0,0,735774.11:27:45.4962120,0,0,-1,0,0,0,1,0,0,0
26/6/2015,12,1,1,1,2,3,0,0,735774.11:27:45.5182240,0,0,-1,0,0,0,1,0,0,0
26/6/2015,12,1,1,1,2,3,0,0,735774.11:27:45.5382373,0,0,-1,0,0,0,1,0,0,0
26/6/2015,12,1,1,1,2,3,0,0,735774.11:27:45.5672552,0,0,-1,0,0,0,1,0,0,0
