
Date and Time, Participant Number, Condition, Trial# , Level, CorrectFallSide , ChoosedFallSide , IsCorrect? , Score, TimetoChoose, #RedWeights, #YellowWeights , RedPos1, RedPos2, YellPos1, YellPos2
26/6/2015,12,1,1,1,2,0,0,0,735774.03:10:06.7006792,0,0,-4,0,0,0,4,0,0,0
26/6/2015,12,1,1,1,2,0,0,0,735774.03:10:10.7133371,0,0,-4,0,0,0,4,0,0,0
26/6/2015,12,1,1,1,2,0,0,0,735774.03:10:10.7293473,0,0,-4,0,0,0,4,0,0,0
26/6/2015,12,1,1,1,2,0,0,0,735774.03:10:10.7463586,0,0,-4,0,0,0,4,0,0,0
26/6/2015,12,1,1,1,2,0,0,0,735774.03:10:10.7633694,0,0,-4,0,0,0,4,0,0,0
26/6/2015,12,1,1,1,2,0,0,0,735774.03:10:10.7803815,0,0,-4,0,0,0,4,0,0,0
26/6/2015,12,1,1,1,2,0,0,0,735774.03:10:10.7983926,0,0,-4,0,0,0,4,0,0,0
26/6/2015,12,1,1,1,2,0,0,0,735774.03:10:10.8154043,0,0,-4,0,0,0,4,0,0,0
26/6/2015,12,1,1,1,2,0,0,0,735774.03:10:10.8514277,0,0,-4,0,0,0,4,0,0,0
26/6/2015,12,1,1,1,2,0,0,0,735774.03:10:10.8694397,0,0,-4,0,0,0,4,0,0,0
26/6/2015,12,1,1,1,2,0,0,0,735774.03:10:10.8864526,0,0,-4,0,0,0,4,0,0,0
26/6/2015,12,1,1,1,2,0,0,0,735774.03:10:10.9034622,0,0,-4,0,0,0,4,0,0,0
26/6/2015,12,1,1,1,2,0,0,0,735774.03:10:10.9194737,0,0,-4,0,0,0,4,0,0,0
26/6/2015,12,1,1,1,2,0,0,0,735774.03:10:10.9364841,0,0,-4,0,0,0,4,0,0,0
26/6/2015,12,1,1,1,2,0,0,0,735774.03:10:10.9524947,0,0,-4,0,0,0,4,0,0,0
26/6/2015,12,1,1,1,2,0,0,0,735774.03:10:10.9685053,0,0,-4,0,0,0,4,0,0,0
26/6/2015,12,1,1,1,2,0,0,0,735774.03:10:10.9855174,0,0,-4,0,0,0,4,0,0,0
26/6/2015,12,1,1,1,2,0,0,0,735774.03:10:11.0015272,0,0,-4,0,0,0,4,0,0,0
26/6/2015,12,1,1,1,2,0,0,0,735774.03:10:11.0185384,0,0,-4,0,0,0,4,0,0,0
26/6/2015,12,1,1,1,2,0,0,0,735774.03:10:11.0355497,0,0,-4,0,0,0,4,0,0,0
26/6/2015,12,1,1,1,2,0,0,0,735774.03:10:11.0665702,0,0,-4,0,0,0,4,0,0,0
26/6/2015,12,1,1,1,2,0,0,0,735774.03:10:11.0855833,0,0,-4,0,0,0,4,0,0,0
26/6/2015,12,1,1,1,2,0,0,0,735774.03:10:11.1015939,0,0,-4,0,0,0,4,0,0,0
26/6/2015,12,1,1,1,2,0,0,0,735774.03:10:11.1186056,0,0,-4,0,0,0,4,0,0,0
26/6/2015,12,1,1,1,2,0,0,0,735774.03:10:11.1346153,0,0,-4,0,0,0,4,0,0,0
26/6/2015,12,1,1,1,2,0,0,0,735774.03:10:11.1516266,0,0,-4,0,0,0,4,0,0,0
26/6/2015,12,1,1,1,2,0,0,0,735774.03:10:11.1686383,0,0,-4,0,0,0,4,0,0,0
26/6/2015,12,1,1,1,2,0,0,0,735774.03:10:11.1846485,0,0,-4,0,0,0,4,0,0,0
26/6/2015,12,1,1,1,2,0,0,0,735774.03:10:11.2016602,0,0,-4,0,0,0,4,0,0,0
26/6/2015,12,1,1,1,2,0,0,0,735774.03:10:11.2176703,0,0,-4,0,0,0,4,0,0,0
26/6/2015,12,1,1,1,2,0,0,0,735774.03:10:11.2346825,0,0,-4,0,0,0,4,0,0,0
26/6/2015,12,1,1,1,2,0,0,0,735774.03:10:11.2506922,0,0,-4,0,0,0,4,0,0,0
26/6/2015,12,1,1,1,2,0,0,0,735774.03:10:11.2827134,0,0,-4,0,0,0,4,0,0,0
26/6/2015,12,1,1,1,2,0,0,0,735774.03:10:11.3007253,0,0,-4,0,0,0,4,0,0,0
26/6/2015,12,1,1,1,2,0,0,0,735774.03:10:11.3177366,0,0,-4,0,0,0,4,0,0,0
26/6/2015,12,1,1,1,2,0,0,0,735774.03:10:11.3337472,0,0,-4,0,0,0,4,0,0,0
26/6/2015,12,1,1,1,2,0,0,0,735774.03:10:11.3507602,0,0,-4,0,0,0,4,0,0,0
26/6/2015,12,1,1,1,2,0,0,0,735774.03:10:11.3667695,0,0,-4,0,0,0,4,0,0,0
26/6/2015,12,1,1,1,2,0,0,0,735774.03:10:11.3837812,0,0,-4,0,0,0,4,0,0,0
26/6/2015,12,1,1,1,2,0,0,0,735774.03:10:11.3997923,0,0,-4,0,0,0,4,0,0,0
26/6/2015,12,1,1,1,2,0,0,0,735774.03:10:11.4168027,0,0,-4,0,0,0,4,0,0,0
26/6/2015,12,1,1,1,2,0,0,0,735774.03:10:11.4328133,0,0,-4,0,0,0,4,0,0,0
26/6/2015,12,1,1,1,2,0,0,0,735774.03:10:11.4498258,0,0,-4,0,0,0,4,0,0,0
26/6/2015,12,1,1,1,2,0,0,0,735774.03:10:11.4668354,0,0,-4,0,0,0,4,0,0,0
26/6/2015,12,1,1,1,2,0,0,0,735774.03:10:11.4958550,0,0,-4,0,0,0,4,0,0,0
26/6/2015,12,1,1,1,2,0,0,0,735774.03:10:11.5138670,0,0,-4,0,0,0,4,0,0,0
26/6/2015,12,1,1,1,2,0,0,0,735774.03:10:11.5308791,0,0,-4,0,0,0,4,0,0,0
26/6/2015,12,1,1,1,2,0,0,0,735774.03:10:11.5468888,0,0,-4,0,0,0,4,0,0,0
26/6/2015,12,1,1,1,2,0,0,0,735774.03:10:11.5638997,0,0,-4,0,0,0,4,0,0,0
26/6/2015,12,1,1,1,2,0,0,0,735774.03:10:11.5809114,0,0,-4,0,0,0,4,0,0,0
26/6/2015,12,1,1,1,2,0,0,0,735774.03:10:11.5979226,0,0,-4,0,0,0,4,0,0,0
26/6/2015,12,1,1,1,2,0,0,0,735774.03:10:11.6139332,0,0,-4,0,0,0,4,0,0,0
26/6/2015,12,1,1,1,2,0,0,0,735774.03:10:11.6309437,0,0,-4,0,0,0,4,0,0,0
26/6/2015,12,1,1,1,2,0,0,0,735774.03:10:11.6469551,0,0,-4,0,0,0,4,0,0,0
26/6/2015,12,1,1,1,2,0,0,0,735774.03:10:11.6629653,0,0,-4,0,0,0,4,0,0,0
26/6/2015,12,1,1,1,2,0,0,0,735774.03:10:11.6799766,0,0,-4,0,0,0,4,0,0,0
26/6/2015,12,1,1,1,2,0,0,0,735774.03:10:11.7099964,0,0,-4,0,0,0,4,0,0,0
26/6/2015,12,1,1,1,2,0,0,0,735774.03:10:11.7280092,0,0,-4,0,0,0,4,0,0,0
26/6/2015,12,1,1,1,2,0,0,0,735774.03:10:11.7450218,0,0,-4,0,0,0,4,0,0,0
26/6/2015,12,1,1,1,2,0,0,0,735774.03:10:11.7620309,0,0,-4,0,0,0,4,0,0,0
26/6/2015,12,1,1,1,2,0,0,0,735774.03:10:11.7780432,0,0,-4,0,0,0,4,0,0,0
26/6/2015,12,1,1,1,2,0,0,0,735774.03:10:11.7950536,0,0,-4,0,0,0,4,0,0,0
26/6/2015,12,1,1,1,2,0,0,0,735774.03:10:11.8110638,0,0,-4,0,0,0,4,0,0,0
26/6/2015,12,1,1,1,2,0,0,0,735774.03:10:11.8280755,0,0,-4,0,0,0,4,0,0,0
26/6/2015,12,1,1,1,2,0,0,0,735774.03:10:11.8450859,0,0,-4,0,0,0,4,0,0,0
26/6/2015,12,1,1,1,2,0,0,0,735774.03:10:11.8610982,0,0,-4,0,0,0,4,0,0,0
26/6/2015,12,1,1,1,2,0,0,0,735774.03:10:11.8781095,0,0,-4,0,0,0,4,0,0,0
26/6/2015,12,1,1,1,2,0,0,0,735774.03:10:11.8951191,0,0,-4,0,0,0,4,0,0,0
26/6/2015,12,1,1,1,2,0,0,0,735774.03:10:11.9241387,0,0,-4,0,0,0,4,0,0,0
26/6/2015,12,1,1,1,2,0,0,0,735774.03:10:11.9431509,0,0,-4,0,0,0,4,0,0,0
26/6/2015,12,1,1,1,2,0,0,0,735774.03:10:11.9601626,0,0,-4,0,0,0,4,0,0,0
26/6/2015,12,1,1,1,2,0,0,0,735774.03:10:11.9771743,0,0,-4,0,0,0,4,0,0,0
26/6/2015,12,1,1,1,2,0,0,0,735774.03:10:11.9941851,0,0,-4,0,0,0,4,0,0,0
26/6/2015,12,1,1,1,2,0,0,0,735774.03:10:12.0101953,0,0,-4,0,0,0,4,0,0,0
26/6/2015,12,1,1,1,2,0,0,0,735774.03:10:12.0272083,0,0,-4,0,0,0,4,0,0,0
26/6/2015,12,1,1,1,2,0,0,0,735774.03:10:12.0432172,0,0,-4,0,0,0,4,0,0,0
26/6/2015,12,1,1,1,2,0,0,0,735774.03:10:12.0602284,0,0,-4,0,0,0,4,0,0,0
26/6/2015,12,1,1,1,2,0,0,0,735774.03:10:12.0762390,0,0,-4,0,0,0,4,0,0,0
26/6/2015,12,1,1,1,2,0,0,0,735774.03:10:12.0932503,0,0,-4,0,0,0,4,0,0,0
26/6/2015,12,1,1,1,2,0,0,0,735774.03:10:12.1102616,0,0,-4,0,0,0,4,0,0,0
26/6/2015,12,1,1,1,2,0,0,0,735774.03:10:12.1422832,0,0,-4,0,0,0,4,0,0,0
