Date and time: 
Participant #: 
Day: 
Age: 
_____________________________________________________________________________________________________________________________________________________________________
Trial#  , Correct , Button Correct , Button Pressed , Level, Score, #RedWeights, #YellowWeights ,TimeSet, TimeChoose, TimeTotal, RedPos1, RedPos2, YellPos1, YellPos2
_____________________________________________________________________________________________________________________________________________________________________
-4,0,0,0|4,0,0,0
-4,0,0,0|4,0,0,0
-5,0,0,0|5,0,0,0
-6,0,0,0|6,0,0,0
-6,0,0,0|6,0,0,0
-6,6,0,0|0,0,0,0
-1,4,0,0|0,0,0,0
-1,1,0,0|0,0,0,0
-1,4,0,0|0,0,0,0
