Date and time: 
Participant #: 
Day: 
Age: 
_____________________________________________________________________________________________________________________________________________________________________
Trial#  , Correct , Button Correct , Button Pressed , Level, Score, #RedWeights, #YellowWeights ,TimeSet, TimeChoose, TimeTotal, RedPos1, RedPos2, YellPos1, YellPos2
_____________________________________________________________________________________________________________________________________________________________________
1,1,2,2,0,1,0,0,00:00:08.0307769,00:00:03.8487767,00:00:11.8795536,-3,6,0,0,-1,3,0,0
2,1,2,2,1,2,0,0,00:00:03.6331184,00:00:00.6826433,00:00:04.3157617,-2,0,0,0,2,0,0,0
3,1,2,2,1,3,0,0,00:00:03.3521493,00:00:00.6002965,00:00:03.9524458,-3,0,0,0,3,0,0,0
4,1,2,2,1,4,0,0,00:00:02.9694746,00:00:00.8655205,00:00:03.8349951,-4,0,0,0,4,0,0,0
5,1,2,2,1,5,0,0,00:00:03.8152436,00:00:00.5504671,00:00:04.3657107,-6,0,0,0,6,0,0,0
6,1,2,2,2,6,0,0,00:00:03.2677049,00:00:00.8320678,00:00:04.0997727,-1,6,0,0,0,0,0,0
7,1,2,2,2,7,0,0,00:00:04.0144174,00:00:00.7809299,00:00:04.7953473,0,0,0,0,-3,5,0,0
8,0,1,2,2,7,0,0,00:00:03.4347686,00:00:00.7157192,00:00:04.1504878,0,0,0,0,-6,1,0,0
9,1,2,2,2,8,0,0,00:00:04.2958060,00:00:00.7482517,00:00:05.0440577,0,0,0,0,-3,6,0,0
10,0,0,2,2,8,0,0,00:00:03.3851920,00:00:00.6816921,00:00:04.0668841,0,0,0,0,-3,3,0,0
11,1,1,1,3,9,0,0,00:00:13.0932152,00:00:01.1634136,00:00:14.2566288,0,0,0,0,-6,1,0,0
12,0,2,1,3,9,0,0,00:00:05.1238822,00:00:01.5781294,00:00:06.7020116,-6,0,0,0,5,0,0,0
13,1,1,1,3,10,0,0,00:00:03.3853135,00:00:00.9494839,00:00:04.3347974,0,1,0,0,-5,0,0,0
14,0,0,2,3,10,0,0,00:00:03.4347079,00:00:00.7155425,00:00:04.1502504,0,6,0,0,-3,0,0,0
15,1,1,1,3,11,0,0,00:00:09.4137340,00:00:01.2622699,00:00:10.6760039,0,2,0,0,-3,0,0,0
16,0,0,1,3,11,0,0,00:00:03.5507870,00:00:01.1795237,00:00:04.7303107,-6,0,0,0,0,3,0,0
17,1,1,1,3,12,0,0,00:00:08.4872326,00:00:01.1478359,00:00:09.6350685,-6,0,0,0,1,0,0,0
18,1,2,2,3,13,0,0,00:00:03.7329404,00:00:00.6332664,00:00:04.3662068,0,6,0,0,-2,0,0,0
19,1,1,1,3,14,0,0,00:00:03.0538895,00:00:00.8646802,00:00:03.9185697,-6,0,0,0,2,0,0,0
20,1,2,2,3,15,0,0,00:00:03.0540181,00:00:00.8654295,00:00:03.9194476,-3,0,0,0,3,0,0,0
21,1,1,1,3,16,0,0,00:00:03.5833032,00:00:01.6938217,00:00:05.2771249,0,6,0,0,-5,0,0,0
22,1,2,2,3,17,0,0,00:00:03.3535307,00:00:01.0308227,00:00:04.3843534,0,6,0,0,-1,0,0,0
23,1,1,1,3,18,0,0,00:00:03.5671157,00:00:00.8325339,00:00:04.3996496,0,2,0,0,-5,0,0,0
24,1,2,2,3,19,0,0,00:00:03.2032439,00:00:00.6662898,00:00:03.8695337,-1,0,0,0,0,2,0,0
25,0,0,2,3,19,0,0,00:00:04.0646090,00:00:00.8320353,00:00:04.8966443,0,4,0,0,-2,0,0,0
26,0,0,2,4,19,0,0,00:00:07.4276696,00:00:05.5347333,00:00:12.9624029,-3,5,0,0,-2,1,0,0
27,0,1,2,4,19,0,0,00:00:26.8597913,00:00:03.5955944,00:00:30.4553857,-3,6,0,0,-4,1,0,0
28,1,2,2,4,20,0,0,00:00:06.7805100,00:00:01.0444160,00:00:07.8249260,-1,3,0,0,-3,5,0,0
