Date and time: 
Participant #: 
Day: 
Age: 
_____________________________________________________________________________________________________________________________________________________________________
Trial#  , Correct , Button Correct , Button Pressed , Level, Score, #RedWeights, #YellowWeights ,TimeSet, TimeChoose, TimeTotal, RedPos1, RedPos2, YellPos1, YellPos2
_____________________________________________________________________________________________________________________________________________________________________
1,1,2,2,0,1,0,0,00:00:03.8331759,00:00:00.6693830,00:00:04.5025589,-2,0,0,0,2,0,0,0
2,1,2,2,1,2,0,0,00:00:02.2094594,00:00:00.9426192,00:00:03.1520786,-1,0,0,0,1,0,0,0
3,1,2,2,1,3,0,0,00:00:03.5665430,00:00:00.7010208,00:00:04.2675638,-5,0,0,0,5,0,0,0
4,1,2,2,1,4,0,0,00:00:03.2582388,00:00:00.5665799,00:00:03.8248187,-3,0,0,0,3,0,0,0
5,1,2,2,1,5,0,0,00:00:04.1477636,00:00:00.7163222,00:00:04.8640858,-6,0,0,0,6,0,0,0
6,1,2,2,2,6,0,0,00:00:03.2689438,00:00:00.6176220,00:00:03.8865658,-1,5,0,0,0,0,0,0
7,1,2,2,2,7,0,0,00:00:05.7713702,00:00:00.8656557,00:00:06.6370259,-1,3,0,0,0,0,0,0
8,1,1,1,2,8,0,0,00:00:03.8672196,00:00:00.6662654,00:00:04.5334850,0,0,0,0,-3,2,0,0
9,1,2,2,2,9,0,0,00:00:03.2847748,00:00:00.8318206,00:00:04.1165954,0,0,0,0,-3,4,0,0
10,1,1,1,2,10,0,0,00:00:03.3842618,00:00:00.8494225,00:00:04.2336843,0,0,0,0,-4,1,0,0
11,1,1,1,3,11,0,0,00:00:04.8124210,00:00:00.9814377,00:00:05.7938587,0,3,0,0,-5,0,0,0
12,1,1,1,3,12,0,0,00:00:04.0478334,00:00:01.2465118,00:00:05.2943452,0,4,0,0,-5,0,0,0
13,0,0,1,3,12,0,0,00:00:04.3454652,00:00:01.2464582,00:00:05.5919234,-2,0,0,0,1,0,0,0
14,1,1,1,3,13,0,0,00:00:06.0519808,00:00:00.8162241,00:00:06.8682049,0,5,0,0,-4,0,0,0
15,1,2,2,3,14,0,0,00:00:03.6996651,00:00:01.0480472,00:00:04.7477123,-3,0,0,0,6,0,0,0
16,1,2,2,3,15,0,0,00:00:09.7796008,00:00:01.0308034,00:00:10.8104042,-2,0,0,0,4,0,0,0
